[[0, 18, 11, 3, 0], [0, 7, 5, 14, 0], [0, 4, 15, 9, 0], [0, 10, 6, 19, 12, 0], [0, 1, 16, 8, 0], [0, 2, 17, 20, 13, 0]]
第1辆车的路径为：[0, 18, 11, 3, 0]
第2辆车的路径为：[0, 7, 5, 14, 0]
第3辆车的路径为：[0, 4, 15, 9, 0]
第4辆车的路径为：[0, 10, 6, 19, 12, 0]
第5辆车的路径为：[0, 1, 16, 8, 0]
第6辆车的路径为：[0, 2, 17, 20, 13, 0]
全局最少的费用为 ： 2598.8

[[0, 4, 15, 9, 0], [0, 1, 16, 8, 0], [0, 7, 5, 14, 0], [0, 13, 10, 19, 12, 0], [0, 2, 17, 20, 6, 0], [0, 3, 11, 18, 0]]
第1辆车的路径为：[0, 4, 15, 9, 0]
第2辆车的路径为：[0, 1, 16, 8, 0]
第3辆车的路径为：[0, 7, 5, 14, 0]
第4辆车的路径为：[0, 13, 10, 19, 12, 0]
第5辆车的路径为：[0, 2, 17, 20, 6, 0]
第6辆车的路径为：[0, 3, 11, 18, 0]
全局最少的费用为 ： 2611.4

[[0, 3, 11, 18, 0], [0, 10, 6, 19, 12, 0], [0, 4, 15, 9, 0], [0, 7, 5, 14, 0], [0, 1, 16, 8, 0], [0, 2, 17, 20, 13, 0]]
第1辆车的路径为：[0, 3, 11, 18, 0]
第2辆车的路径为：[0, 10, 6, 19, 12, 0]
第3辆车的路径为：[0, 4, 15, 9, 0]
第4辆车的路径为：[0, 7, 5, 14, 0]
第5辆车的路径为：[0, 1, 16, 8, 0]
第6辆车的路径为：[0, 2, 17, 20, 13, 0]
全局最少的费用为 ： 2598.8

[[0, 3, 11, 18, 0], [0, 7, 5, 14, 0], [0, 4, 15, 9, 0], [0, 10, 6, 19, 12, 0], [0, 1, 16, 8, 0], [0, 2, 17, 20, 13, 0]]
第1辆车的路径为：[0, 3, 11, 18, 0]
第2辆车的路径为：[0, 7, 5, 14, 0]
第3辆车的路径为：[0, 4, 15, 9, 0]
第4辆车的路径为：[0, 10, 6, 19, 12, 0]
第5辆车的路径为：[0, 1, 16, 8, 0]
第6辆车的路径为：[0, 2, 17, 20, 13, 0]
全局最少的费用为 ： 2598.8
初始化时的全局最优时间为： 27.92

[[0, 7, 11, 18, 14, 0], [0, 3, 5, 0], [0, 12, 19, 6, 10, 0], [0, 4, 15, 9, 0], [0, 8, 16, 1, 0], [0, 2, 17, 20, 13, 0]]
第1辆车的路径为：[0, 7, 11, 18, 14, 0]
第2辆车的路径为：[0, 3, 5, 0]
第3辆车的路径为：[0, 12, 19, 6, 10, 0]
第4辆车的路径为：[0, 4, 15, 9, 0]
第5辆车的路径为：[0, 8, 16, 1, 0]
第6辆车的路径为：[0, 2, 17, 20, 13, 0]
全局最少的费用为 ： 2609.3
初始化时的全局最优时间为： 27.48

[[0, 1, 16, 8, 0], [0, 4, 15, 9, 0], [0, 7, 5, 14, 0], [0, 3, 11, 18, 0], [0, 12, 19, 10, 13, 0], [0, 2, 17, 20, 6, 0]]
第1辆车的路径为：[0, 1, 16, 8, 0]
第2辆车的路径为：[0, 4, 15, 9, 0]
第3辆车的路径为：[0, 7, 5, 14, 0]
第4辆车的路径为：[0, 3, 11, 18, 0]
第5辆车的路径为：[0, 12, 19, 10, 13, 0]
第6辆车的路径为：[0, 2, 17, 20, 6, 0]
全局最少的费用为 ： 2611.4
初始化时的全局最优时间为： 26.8

[[0, 4, 15, 9, 0], [0, 7, 5, 14, 0], [0, 10, 6, 19, 12, 0], [0, 3, 11, 18, 0], [0, 1, 16, 8, 0], [0, 2, 17, 20, 13, 0]]
第1辆车的路径为：[0, 4, 15, 9, 0]
第2辆车的路径为：[0, 7, 5, 14, 0]
第3辆车的路径为：[0, 10, 6, 19, 12, 0]
第4辆车的路径为：[0, 3, 11, 18, 0]
第5辆车的路径为：[0, 1, 16, 8, 0]
第6辆车的路径为：[0, 2, 17, 20, 13, 0]
全局最少的费用为 ： 2598.8
初始化时的全局最优时间为： 27.92

[[0, 9, 15, 4, 0], [0, 3, 11, 18, 0], [0, 7, 5, 14, 0], [0, 10, 6, 19, 12, 0], [0, 1, 16, 8, 0], [0, 2, 17, 20, 13, 0]]
第1辆车的路径为：[0, 9, 15, 4, 0]
第2辆车的路径为：[0, 3, 11, 18, 0]
第3辆车的路径为：[0, 7, 5, 14, 0]
第4辆车的路径为：[0, 10, 6, 19, 12, 0]
第5辆车的路径为：[0, 1, 16, 8, 0]
第6辆车的路径为：[0, 2, 17, 20, 13, 0]
全局最少的费用为 ： 2598.8
初始化时的全局最优时间为： 27.92


[[0, 9, 2, 23, 0], [0, 26, 18, 1, 20, 13, 14, 0], [0, 10, 22, 6, 0], [0, 3, 12, 24, 8, 27, 28, 0], [0, 11, 4, 19, 0],
[0, 7, 0], [0, 17, 15, 5, 25, 0], [0, 16, 21, 0]]
[4.2, 4.2, 4.2, 4.2, 4.2, 5.2, 4.2, 4.2]
[270.24399999999997, 300.76700000000005, 295.146, 281.561, 323.624, 274.19399999999996, 341.674, 293.145]
第1辆车,型号为4.2,路径为：[0, 9, 2, 23, 0],路径距离长度为270.24399999999997
第2辆车,型号为4.2,路径为：[0, 26, 18, 1, 20, 13, 14, 0],路径距离长度为300.76700000000005
第3辆车,型号为4.2,路径为：[0, 10, 22, 6, 0],路径距离长度为295.146
第4辆车,型号为4.2,路径为：[0, 3, 12, 24, 8, 27, 28, 0],路径距离长度为281.561
第5辆车,型号为4.2,路径为：[0, 11, 4, 19, 0],路径距离长度为323.624
第6辆车,型号为5.2,路径为：[0, 7, 0],路径距离长度为274.19399999999996
第7辆车,型号为4.2,路径为：[0, 17, 15, 5, 25, 0],路径距离长度为341.674
第8辆车,型号为4.2,路径为：[0, 16, 21, 0],路径距离长度为293.145
全局最优的费用为 ： 5806.2

[[0, 9, 2, 23, 0], [0, 19, 4, 1, 0], [0, 3, 6, 12, 24, 8, 27, 28, 0], [0, 17, 15, 5, 25, 0], [0, 7, 0], [0, 16, 21, 0], [0, 26, 18, 20, 13, 11, 0], [0, 22, 14, 10, 0]]
[4.2, 4.2, 4.2, 4.2, 5.2, 4.2, 4.2, 4.2]
[270.24399999999997, 315.982, 281.587, 341.674, 274.19399999999996, 293.145, 312.86300000000006, 295.122]
[6.037, 6.386, 6.076, 6.385, 6.179, 6.323, 5.537, 6.252]
[655.6, 732.7, 674.8, 776.1, 855.3, 694.2, 727.5, 697.6]
第1辆车,型号为4.2,路径距离长度为270.244,路径为：[0, 9, 2, 23, 0],所需时间为：6.037, 所需费用为：655.6
第2辆车,型号为4.2,路径距离长度为315.982,路径为：[0, 19, 4, 1, 0],所需时间为：6.386, 所需费用为：732.7
第3辆车,型号为4.2,路径距离长度为281.587,路径为：[0, 3, 6, 12, 24, 8, 27, 28, 0],所需时间为：6.076, 所需费用为：674.8
第4辆车,型号为4.2,路径距离长度为341.674,路径为：[0, 17, 15, 5, 25, 0],所需时间为：6.385, 所需费用为：776.1
第5辆车,型号为5.2,路径距离长度为274.194,路径为：[0, 7, 0],所需时间为：6.179, 所需费用为：855.3
第6辆车,型号为4.2,路径距离长度为293.145,路径为：[0, 16, 21, 0],所需时间为：6.323, 所需费用为：694.2
第7辆车,型号为4.2,路径距离长度为312.863,路径为：[0, 26, 18, 20, 13, 11, 0],所需时间为：5.537, 所需费用为：727.5
第8辆车,型号为4.2,路径距离长度为295.122,路径为：[0, 22, 14, 10, 0],所需时间为：6.252, 所需费用为：697.6
全局最优的费用为5813.8, 全局最优的时间为49.175000000000004 ：

[[0, 26, 18, 8, 1, 10, 14, 0], [0, 7, 0], [0, 3, 22, 24, 27, 28, 0], [0, 13, 20, 12, 6, 0], [0, 16, 21, 0], [0, 19, 4, 11, 0], [0, 9, 2, 23, 0], [0, 15, 5, 17, 25, 0]]
[4.2, 5.2, 4.2, 4.2, 4.2, 4.2, 4.2, 4.2]
[303.1, 274.19399999999996, 281.048, 295.714, 293.145, 323.624, 270.24399999999997, 341.673]
[6.236, 6.179, 6.07, 6.037, 6.174, 6.323, 5.766, 6.385]
[711.0, 855.3, 673.8, 698.6, 694.2, 745.6, 655.6, 776.1]
第1辆车,型号为4.2,路径距离长度为303.1km,所需时间为：6.236h, 所需费用为：711.0元,路径为：[0, 26, 18, 8, 1, 10, 14, 0]
第2辆车,型号为5.2,路径距离长度为274.194km,所需时间为：6.179h, 所需费用为：855.3元,路径为：[0, 7, 0]
第3辆车,型号为4.2,路径距离长度为281.048km,所需时间为：6.07h, 所需费用为：673.8元,路径为：[0, 3, 22, 24, 27, 28, 0]
第4辆车,型号为4.2,路径距离长度为295.714km,所需时间为：6.037h, 所需费用为：698.6元,路径为：[0, 13, 20, 12, 6, 0]
第5辆车,型号为4.2,路径距离长度为293.145km,所需时间为：6.174h, 所需费用为：694.2元,路径为：[0, 16, 21, 0]
第6辆车,型号为4.2,路径距离长度为323.624km,所需时间为：6.323h, 所需费用为：745.6元,路径为：[0, 19, 4, 11, 0]
第7辆车,型号为4.2,路径距离长度为270.244km,所需时间为：5.766h, 所需费用为：655.6元,路径为：[0, 9, 2, 23, 0]
第8辆车,型号为4.2,路径距离长度为341.673km,所需时间为：6.385h, 所需费用为：776.1元,路径为：[0, 15, 5, 17, 25, 0]
全局最优的费用为5810.2, 全局最优的时间为：49.17

[[0, 26, 18, 24, 8, 27, 28, 2, 0], [0, 11, 4, 19, 0], [0, 7, 0], [0, 1, 13, 20, 14, 10, 0], [0, 25, 5, 15, 17, 0], [0, 9, 12, 6, 0], [0, 3, 22, 23, 0], [0, 21, 16, 0]]
[4.2, 4.2, 5.2, 4.2, 4.2, 4.2, 4.2, 4.2]
[281.512, 323.624, 274.19399999999996, 279.618, 341.674, 274.678, 275.93499999999995, 293.145]
[6.179, 6.208, 6.385, 6.137, 6.079, 6.323, 6.084, 5.766]
[674.6, 745.6, 855.3, 671.4, 776.1, 663.1, 665.2, 694.2]
第1辆车,型号为4.2,路径距离长度为281.512km,所需时间为：6.179h, 所需费用为：674.6元,路径为：[0, 26, 18, 24, 8, 27, 28, 2, 0]
第2辆车,型号为4.2,路径距离长度为323.624km,所需时间为：6.208h, 所需费用为：745.6元,路径为：[0, 11, 4, 19, 0]
第3辆车,型号为5.2,路径距离长度为274.194km,所需时间为：6.385h, 所需费用为：855.3元,路径为：[0, 7, 0]
第4辆车,型号为4.2,路径距离长度为279.618km,所需时间为：6.137h, 所需费用为：671.4元,路径为：[0, 1, 13, 20, 14, 10, 0]
第5辆车,型号为4.2,路径距离长度为341.674km,所需时间为：6.079h, 所需费用为：776.1元,路径为：[0, 25, 5, 15, 17, 0]
第6辆车,型号为4.2,路径距离长度为274.678km,所需时间为：6.323h, 所需费用为：663.1元,路径为：[0, 9, 12, 6, 0]
第7辆车,型号为4.2,路径距离长度为275.935km,所需时间为：6.084h, 所需费用为：665.2元,路径为：[0, 3, 22, 23, 0]
第8辆车,型号为4.2,路径距离长度为293.145km,所需时间为：5.766h, 所需费用为：694.2元,路径为：[0, 21, 16, 0]
全局最优的费用为5745.5, 全局最优的时间为：49.161

分车后的路径数据： [[0, 6, 12, 23, 2, 0], [0, 21, 16, 0], [0, 19, 4, 11, 0], [0, 28, 8, 9, 18, 26, 0], [0, 14, 10, 20, 13, 1, 0], [0, 7, 0], [0, 15, 5, 17, 25, 0], [0, 3, 22, 24, 27, 0]]
路径分车的车型： [4.2, 4.2, 4.2, 4.2, 4.2, 5.2, 4.2, 4.2]
分车后单个车的行驶距离:  [274.745, 293.145, 323.624, 276.70500000000004, 279.618, 274.19399999999996, 341.673, 280.971]
分车后单个车的行驶时间:  [6.141, 6.018, 6.323, 6.208, 6.179, 6.385, 5.766, 6.154]
分车后单个车的行驶费用:  [663.2, 694.2, 745.6, 666.5, 671.4, 855.3, 776.1, 673.7]
第1辆车，型号为4.2，路径距离长度为: 274.745km，所需时间为: 6.141h，所需费用为: 663.2元，路径为: [0, 6, 12, 23, 2, 0]
第2辆车，型号为4.2，路径距离长度为: 293.145km，所需时间为: 6.018h，所需费用为: 694.2元，路径为: [0, 21, 16, 0]
第3辆车，型号为4.2，路径距离长度为: 323.624km，所需时间为: 6.323h，所需费用为: 745.6元，路径为: [0, 19, 4, 11, 0]
第4辆车，型号为4.2，路径距离长度为: 276.705km，所需时间为: 6.208h，所需费用为: 666.5元，路径为: [0, 28, 8, 9, 18, 26, 0]
第5辆车，型号为4.2，路径距离长度为: 279.618km，所需时间为: 6.179h，所需费用为: 671.4元，路径为: [0, 14, 10, 20, 13, 1, 0]
第6辆车，型号为5.2，路径距离长度为: 274.194km，所需时间为: 6.385h，所需费用为: 855.3元，路径为: [0, 7, 0]
第7辆车，型号为4.2，路径距离长度为: 341.673km，所需时间为: 5.766h，所需费用为: 776.1元，路径为: [0, 15, 5, 17, 25, 0]
第8辆车，型号为4.2，路径距离长度为: 280.971km，所需时间为: 6.154h，所需费用为: 673.7元，路径为: [0, 3, 22, 24, 27, 0]
全局最优的总费用为: 5746.0, 全局最优的总时间为: 49.174


2	杭州配送中心递铺街道天目路408号
10	安吉梅溪德祥家电经营部
13	杭州配送中心一次性送达方浙江省湖州市安吉县梅溪镇湖州安吉湖州安吉县梅溪镇晓墅乐平寺村
14	安吉银海家电有限公司-梅溪库
20	安吉递铺瑞宏电器商行


分车后的路径数据： [[0, 20, 13, 1, 14, 10, 0], [0, 19, 4, 11, 0], [0, 21, 16, 0], [0, 22, 24, 8, 0], [0, 7, 0], [0, 3, 6, 12, 27, 18, 26, 0], [0, 23, 28, 9, 2, 0], [0, 25, 17, 15, 5, 0]]
路径分车的车型： [4.2, 4.2, 4.2, 4.2, 5.2, 4.2, 4.2, 4.2]
分车后单个车的行驶距离:  [279.618, 323.624, 293.145, 278.394, 274.19399999999996, 282.328, 270.534, 341.673]
分车后单个车的行驶时间:  [6.179, 6.084, 6.134, 5.766, 6.208, 6.385, 6.096, 6.323]
分车后单个车的行驶费用:  [671.4, 745.6, 694.2, 669.4, 855.3, 676.0, 656.1, 776.1]
第1辆车，型号为4.2，路径距离长度为: 279.618km，所需时间为: 6.179h，所需费用为: 671.4元，路径为: [0, 20, 13, 1, 14, 10, 0]
第2辆车，型号为4.2，路径距离长度为: 323.624km，所需时间为: 6.084h，所需费用为: 745.6元，路径为: [0, 19, 4, 11, 0]
第3辆车，型号为4.2，路径距离长度为: 293.145km，所需时间为: 6.134h，所需费用为: 694.2元，路径为: [0, 21, 16, 0]
第4辆车，型号为4.2，路径距离长度为: 278.394km，所需时间为: 5.766h，所需费用为: 669.4元，路径为: [0, 22, 24, 8, 0]
第5辆车，型号为5.2，路径距离长度为: 274.194km，所需时间为: 6.208h，所需费用为: 855.3元，路径为: [0, 7, 0]
第6辆车，型号为4.2，路径距离长度为: 282.328km，所需时间为: 6.385h，所需费用为: 676.0元，路径为: [0, 3, 6, 12, 27, 18, 26, 0]
第7辆车，型号为4.2，路径距离长度为: 270.534km，所需时间为: 6.096h，所需费用为: 656.1元，路径为: [0, 23, 28, 9, 2, 0]
第8辆车，型号为4.2，路径距离长度为: 341.673km，所需时间为: 6.323h，所需费用为: 776.1元，路径为: [0, 25, 17, 15, 5, 0]
全局最优的总费用为: 5744.1, 全局最优的总时间为: 49.175